2
5
7
8
10
12
15
17
21
23
25
26
27
28
31
35
38
39
41
42
43
45
46
49
50
52
53
55
57
58
59
61
62
68
70
72
73
78
79
83
84
85
86
87
88
89
90
91
92
94
96
97
98
100
101
104
105
106
108
109
111
113
115
117
118
121
123
124
126
128
130
131
133
134
135
137
139
142
143
144
146
147
148
149
151
152
156
157
159
167
170
171
172
173
174
176
181
182
183
185
186
187
188
193
196
198
199
200
202
208
209
210
212
213
215
216
218
220
221
224
225
227
228
229
231
232
233
235
243
246
247
250
252
256
258
261
262
266
268
269
270
271
272
273
275
276
278
282
284
285
287
288
289
293
295
296
300
302
304
305
307
310
311
315
319
322
329
330
331
334
335
336
337
338
344
345
349
350
353
354
355
357
359
360
362
363
364
366
368
369
370
372
375
376
378
379
382
383
384
385
387
388
392
393
395
396
398
399
400
401
402
407
409
411
413
416
420
423
425
426
427
429
430
431
433
437
438
439
442
443
444
446
448
450
451
452
454
459
461
462
463
464
465
466
467
468
469
470
471
474
477
478
479
482
483
487
489
491
492
493
494
496
497
499
503
506
507
513
516
520
521
522
523
524
526
527
532
533
534
536
538
544
546
548
550
551
552
554
557
558
565
567
572
576
578
582
583
585
589
591
592
594
595
599
600
602
606
607
609
612
614
616
618
619
620
623
627
629
631
632
636
639
640
641
644
647
648
649
650
651
652
653
654
655
658
659
660
662
667
668
670
671
673
674
676
678
679
681
682
683
684
685
686
687
688
690
694
702
703
704
705
706
708
710
711
715
716
722
726
729
731
735
740
744
745
746
747
748
751
753
756
759
760
761
763
764
766
769
770
772
773
775
776
777
778
779
781
784
787
791
794
795
798
800
806
809
811
812
813
815
816
817
818
819
821
822
824
825
827
828
831
832
839
842
844
845
846
848
849
850
853
858
859
862
864
867
868
869
873
874
877
879
883
884
888
889
890
891
892
894
895
897
901
902
903
906
908
909
915
916
924
926
927
928
929
930
931
933
934
936
938
939
941
944
945
946
947
949
951
957
958
963
969
970
971
974
975
979
980
981
982
983
988
990
991
993
995
996
998
999
